================================================================================
Correlación entre Familia y Nombre del Producto
================================================================================

Familia según el Nombre

	Product_Name  Product_Family
	0             0                 165
	1             1                  13
	2             2                  19
	3             3                  34
	4             4                 474
	5             5                  10
	6             6                 121
	7             7                  22
	8             8                   4
	9             9                   8
	10            10                116
	11            11                 22
	12            12                  4
	13            13                  2
	14            14                 20
	15            15                  8
	16            16                 13
	17            17                 39
	18            18                 10
	19            19                 48
	20            20                266
	21            21                  2
	22            22                  3
	23            23                157
	24            24                167
	25            25                 77
	26            26                 82
	27            27                 46
	28            28                 32
	29            29                345
	30            30                 14
	31            31                  8
	32            32                  5
	33            33                  1
	34            34                  1
	35            35                  3
	36            36                  4
	37            38                  1
	38            37                  2
	39            40                  1
	40            39                  2
	41            43                  1
	42            42                  2
	43            44                 15
	44            46                  1
	45            45                  1
	46            47                  2
	47            41                  1
	48            48                  1
	49            41                  2
	50            51                  1
	51            50                  2
	52            52                  1
	53            53                  1
	54            54                  9
	55            55                  1
	56            49                  8
	57            56                  1
	58            56                  8
	59            58                  3
	60            59                  1
	61            60                 94
	62            57                 19
	63            63                  8
	64            62                  3
	65            65                  4
	66            64                  3
	67            66                  1
	68            67                  3
	69            67                 30
	70            68                 16
	71            70                  2
	72            69                  3
	73            61                  1
	74            61                  3
	75            71                  1
	76            71                 24
	77            61                 83
	78            72                  8
	79            74                 10
	80            75                 19
	81            76                  5
	82            73                 33
	83            73                 10
	84            73                 16
	85            73                158
	86            78                 12
	87            78                  3
	88            78                 17
	89            79                  1
	90            81                  2
	91            81                 10
	92            80                  5
	93            80                  7
	94            80                 15
	95            80                  2
	96            77                145
	97            77                 53
	98            77                 44
	99            77                127
	100           77                976
	101           83                  4
	102           84                 14
	103           82                  8
	104           86                  6
	105           87                  2
	106           88                  6
	107           85                 82
	108           85                 16
	109           85                 16
	110           85                 94
	111           85                388
	112           91                  2
	113           91                 14
	114           90                  8
	115           92                 10
	116           89                  1
	117           89                  2
	118           94                  3
	119           94                 10
	120           95                 27
	121           96                  3
	122           97                  8
	123           98                  7
	124           99                 12
	125           93                  1
	126           93                  1
	127           89                  7
	128           100               122
	129           100                24
	130           100                32
	131           100                58
	132           100               383
	133           102                 2
	134           102                23
	135           101                 5
	136           101                 1
	138           106                 3
	139           104                 2
	142           103                 1
	143           101                13
	144           109                96
	145           109                24
	146           109                 6
	147           109                33
	148           109               340
	149           111                16
	150           111                 8
	151           111                 1
	152           111                20
	153           111                95
	154           110                26
	155           110                10
	156           110                 1
	157           110                13
	158           114                11
	159           114                50
	160           113                 6
	161           112                 4
	162           110                64
	163           116                50
	164           116                11
	165           116                 3
	166           116                24
	167           116               333
	168           115                47
	169           115                13
	170           115                20
	171           115                18
	172           119                 1
	173           119                 3
	174           120                 8
	175           118                16
	176           118                 2
	177           118                 3
	178           121                20
	179           121                 1
	180           121                 6
	181           121               219
	182           118                45
	183           122                 1
	184           122                 2
	185           123                10
	186           117                 8
	187           117                 1
	188           117                 4
	189           117                 1
	190           117                40
	191           124                 1
	192           115               442
	193           126                 4
	194           126                 3
	195           126                 1
	196           126                28
	197           125                29
	198           125                12
	199           125                 1
	200           125                 7
	201           128               103
	202           128                24
	203           128                 2
	204           128                20
	205           129                 3
	206           129                 2
	207           129                 1
	208           129                95
	209           128               287
	210           127                67
	211           127                17
	212           127                13
	213           127                21
	214           127               179
	215           130                 1
	216           130                 2
	217           125                64
	218           131                 1
	219           131                11
	220           133               317
	221           133                47
	222           133                 9
	223           133                40
	225           134                 2
	226           133               836
	227           132               100
	228           132                20
	229           132                18
	230           132                46
	231           132               579
	234           137                13
	235           138                 1
	236           138                 1
	237           140                46
	238           140                 5
	239           140                 2
	240           140                13
	241           140               319
	242           139                58
	243           139                16
	244           139                 4
	245           139                22
	246           139               178
	247           138                 1
	249           143                 2
	250           143                 1
	251           143                21
	252           144                 8
	253           142                 1
	254           142                 6
	257           146                14
	260           145                 1
	261           147                 2
	263           147                 1
	264           147                 6
	266           145                15
	269           152                 7
	270           151                 2
	271           151                 2
	272           151                 1
	273           151                 2
	274           151                16
	275           153                 1
	282           157                 2
	283           155                 8
	284           158                65
	285           158                18
	286           158                25
	287           158                52
	288           159                 1
	289           158                44
	290           160                 2
	293           160                 1
	294           160                 2
	299           163                 2
	300           161                 6
	302           161                 1
	303           161                29
	304           165                 2
	305           164                70
	306           164                36
	307           164                93
	308           164               104
	309           166                 1
	310           164               116
	311           167                 1
	313           167                 1
	314           167                 1
	315           167                 9
	318           168                15
	319           168                 4
	320           168                 1
	321           168                 3
	322           168                61
	323           170                47
	324           170                24
	325           170                30
	326           170                36
	327           170               101
	333           172                 2
	336           172                 5
	337           173                12
	338           173                 5
	339           173                23
	340           173                10
	341           173                45
	342           175                 8
	343           176                11
	344           178                 2
	345           179                 2
	346           177                 1
	347           174                 2
	348           174                 2
	349           181                 2
	350           182                 1
	351           180                 4
	353           183                 1
	354           183                 1
	355           183                 1
	357           185                 2
	358           185                 4
	359           184                 1
	360           184                 2
	361           184                 3
	362           184                 5
	363           184                29
	364           187                 1
	365           187                22
	366           188                16
	367           190                 8
	368           191                10
	370           189                 7
	371           186                 1
	372           186                 3
	373           192                 6
	374           194                 4
	375           194                 1
	376           194                 6
	377           194                 7
	378           194                 8
	379           193                37
	380           193                26
	381           193                26
	382           193                45
	383           193                99
	384           196                 2
	385           198                 1
	386           198                11
	387           199                 6
	388           197                 6
	389           197                 2
	390           197                 2
	391           197                 6
	392           197                11
	393           195                 4
	394           195                 7
	395           200                 2
	396           200                 2
	397           200                 1
	398           200                 2
	399           202                 4
	400           202                 4
	401           202                12
	402           202                13
	403           202                 6
	404           201                22
	405           201                13
	406           201                21
	407           201                39
	408           201                85
	409           204                44
	410           204                11
	411           204                19
	412           204                43
	413           204                46
	414           203                16
	415           203                12
	416           203                 2
	417           203                10
	418           203                61
	419           205                 2
	421           207                 4
	422           207                 4
	423           207                 3
	424           207                 2
	425           206                 4
	426           206                 1
	427           206                 2
	428           206                 4
	429           206                14
	430           209                63
	431           209                30
	432           209               109
	433           209               114
	434           209                65
	435           208               120
	436           208                36
	437           208                35
	438           208                75
	439           208               212
	441           211                 3
	442           211                 1
	443           213                24
	444           213                 9
	445           213               115
	446           213                69
	447           213                42
	448           212               131
	449           212                51
	450           212                37
	451           212                81
	452           212               336
	453           214                 3
	454           214                 1
	455           216                10
	456           216                 2
	457           216                 6
	458           216                 5
	459           216                12
	460           215                18
	461           215                 5
	462           215                 1
	463           215                13
	464           215               101
	465           217                 1
	473           221                 4
	475           221                 1
	477           221                 1
	481           223                 1
	483           223                 9
	485           224                 2
	486           224                 1
	487           224                 1
	488           224                10
	489           224                 1
	491           226               524
	492           227                 7
	493           228                11
	494           229                 6
	495           230               350
	496           231                37
	497           232                 2
	498           233                25
	499           234                13
	500           235                 3
	501           236                 1
	502           237                 4
	503           238                 8
	504           239                 1
	505           240                50
	506           241                 1
	507           242                 1
	508           243                 2
	509           244                 1
	510           245                 1
	511           246                 1
	512           246                 1
	513           246                 2

Máxima Cantidad de Familias por Nombre

	1

Nombres según Familia

	Product_Family  Product_Name
	0               0               165
	1               1                13
	2               2                19
	3               3                34
	4               4               474
	5               5                10
	6               6               121
	7               7                22
	8               8                 4
	9               9                 8
	10              10              116
	11              11               22
	12              12                4
	13              13                2
	14              14               20
	15              15                8
	16              16               13
	17              17               39
	18              18               10
	19              19               48
	20              20              266
	21              21                2
	22              22                3
	23              23              157
	24              24              167
	25              25               77
	26              26               82
	27              27               46
	28              28               32
	29              29              345
	30              30               14
	31              31                8
	32              32                5
	33              33                1
	34              34                1
	35              35                3
	36              36                4
	37              38                2
	38              37                1
	39              40                2
	40              39                1
	41              49                2
	                47                1
	42              42                2
	43              41                1
	44              43               15
	45              45                1
	46              44                1
	47              46                2
	48              48                1
	49              56                8
	50              51                2
	51              50                1
	52              52                1
	53              53                1
	54              54                9
	55              55                1
	56              58                8
	                57                1
	57              62               19
	58              59                3
	59              60                1
	60              61               94
	61              77               83
	                74                3
	                73                1
	62              64                3
	63              63                8
	64              66                3
	65              65                4
	66              67                1
	67              69               30
	                68                3
	68              70               16
	69              72                3
	70              71                2
	71              76               24
	                75                1
	72              78                8
	73              85              158
	                82               33
	                84               16
	                83               10
	74              79               10
	75              80               19
	76              81                5
	77              100             976
	                96              145
	                99              127
	                97               53
	                98               44
	78              88               17
	                86               12
	                87                3
	79              89                1
	80              94               15
	                93                7
	                92                5
	                95                2
	81              91               10
	                90                2
	82              103               8
	83              101               4
	84              102              14
	85              111             388
	                110              94
	                107              82
	                108              16
	                109              16
	86              104               6
	87              105               2
	88              106               6
	89              127               7
	                117               2
	                116               1
	90              114               8
	91              113              14
	                112               2
	92              115              10
	93              125               1
	                126               1
	94              119              10
	                118               3
	95              120              27
	96              121               3
	97              122               8
	98              123               7
	99              124              12
	100             132             383
	                128             122
	                131              58
	                130              32
	                129              24
	101             143              13
	                135               5
	                136               1
	102             134              23
	                133               2
	103             142               1
	104             139               2
	106             138               3
	109             148             340
	                144              96
	                147              33
	                145              24
	                146               6
	110             162              64
	                154              26
	                157              13
	                155              10
	                156               1
	111             153              95
	                152              20
	                149              16
	                150               8
	                151               1
	112             161               4
	113             160               6
	114             159              50
	                158              11
	115             192             442
	                168              47
	                170              20
	                171              18
	                169              13
	116             167             333
	                163              50
	                166              24
	                164              11
	                165               3
	117             190              40
	                186               8
	                188               4
	                187               1
	                189               1
	118             182              45
	                175              16
	                177               3
	                176               2
	119             173               3
	                172               1
	120             174               8
	121             181             219
	                178              20
	                180               6
	                179               1
	122             184               2
	                183               1
	123             185              10
	124             191               1
	125             217              64
	                197              29
	                198              12
	                200               7
	                199               1
	126             196              28
	                193               4
	                194               3
	                195               1
	127             214             179
	                210              67
	                213              21
	                211              17
	                212              13
	128             209             287
	                201             103
	                202              24
	                204              20
	                203               2
	129             208              95
	                205               3
	                206               2
	                207               1
	130             216               2
	                215               1
	131             219              11
	                218               1
	132             231             579
	                227             100
	                230              46
	                228              20
	                229              18
	133             226             836
	                220             317
	                221              47
	                223              40
	                222               9
	134             225               2
	137             234              13
	138             235               1
	                236               1
	                247               1
	139             246             178
	                242              58
	                245              22
	                243              16
	                244               4
	140             241             319
	                237              46
	                240              13
	                238               5
	                239               2
	142             254               6
	                253               1
	143             251              21
	                249               2
	                250               1
	144             252               8
	145             266              15
	                260               1
	146             257              14
	147             264               6
	                261               2
	                263               1
	151             274              16
	                270               2
	                271               2
	                273               2
	                272               1
	152             269               7
	153             275               1
	155             283               8
	157             282               2
	158             284              65
	                287              52
	                289              44
	                286              25
	                285              18
	159             288               1
	160             290               2
	                294               2
	                293               1
	161             303              29
	                300               6
	                302               1
	163             299               2
	164             310             116
	                308             104
	                307              93
	                305              70
	                306              36
	165             304               2
	166             309               1
	167             315               9
	                311               1
	                313               1
	                314               1
	168             322              61
	                318              15
	                319               4
	                321               3
	                320               1
	170             327             101
	                323              47
	                326              36
	                325              30
	                324              24
	172             336               5
	                333               2
	173             341              45
	                339              23
	                337              12
	                340              10
	                338               5
	174             347               2
	                348               2
	175             342               8
	176             343              11
	177             346               1
	178             344               2
	179             345               2
	180             351               4
	181             349               2
	182             350               1
	183             353               1
	                354               1
	                355               1
	184             363              29
	                362               5
	                361               3
	                360               2
	                359               1
	185             358               4
	                357               2
	186             372               3
	                371               1
	187             365              22
	                364               1
	188             366              16
	189             370               7
	190             367               8
	191             368              10
	192             373               6
	193             383              99
	                382              45
	                379              37
	                380              26
	                381              26
	194             378               8
	                377               7
	                376               6
	                374               4
	                375               1
	195             394               7
	                393               4
	196             384               2
	197             392              11
	                388               6
	                391               6
	                389               2
	                390               2
	198             386              11
	                385               1
	199             387               6
	200             395               2
	                396               2
	                398               2
	                397               1
	201             408              85
	                407              39
	                404              22
	                406              21
	                405              13
	202             402              13
	                401              12
	                403               6
	                399               4
	                400               4
	203             418              61
	                414              16
	                415              12
	                417              10
	                416               2
	204             413              46
	                409              44
	                412              43
	                411              19
	                410              11
	205             419               2
	206             429              14
	                425               4
	                428               4
	                427               2
	                426               1
	207             421               4
	                422               4
	                423               3
	                424               2
	208             439             212
	                435             120
	                438              75
	                436              36
	                437              35
	209             433             114
	                432             109
	                434              65
	                430              63
	                431              30
	211             441               3
	                442               1
	212             452             336
	                448             131
	                451              81
	                449              51
	                450              37
	213             445             115
	                446              69
	                447              42
	                443              24
	                444               9
	214             453               3
	                454               1
	215             464             101
	                460              18
	                463              13
	                461               5
	                462               1
	216             459              12
	                455              10
	                457               6
	                458               5
	                456               2
	217             465               1
	221             473               4
	                475               1
	                477               1
	223             483               9
	                481               1
	224             488              10
	                485               2
	                486               1
	                487               1
	                489               1
	226             491             524
	227             492               7
	228             493              11
	229             494               6
	230             495             350
	231             496              37
	232             497               2
	233             498              25
	234             499              13
	235             500               3
	236             501               1
	237             502               4
	238             503               8
	239             504               1
	240             505              50
	241             506               1
	242             507               1
	243             508               2
	244             509               1
	245             510               1
	246             513               2
	                511               1
	                512               1

Máxima Cantidad de Nombres por Familia

	5

